


pi = 3.141592653589793

pi/24 = 0.1308996938995747
